1
31
1
3a
1
53
1
88
0
98
1
cc
0
9a
1
94
0
2e
0
a3
1
3d
1
24
1
a6
0
e6
1
a3
0
60
0
5b
0
1
1
37
1
26
0
b7
1
17
1
f
1
cf
0
4b
0
28
0
73
1
a7
0
56
1
5d
1
e9
0
cd
0
57
1
f3
1
58
1
5e
1
b
0
61
0
20
1
58
0
a2
1
f4
1
cc
0
2e
0
29
1
1b
0
49
1
57
0
b7
1
30
0
63
1
1e
1
4
0
89
1
af
1
90
0
61
0
66
1
1f
1
50
0
21
0
5c
1
54
1
b
1
fe
1
1a
1
ca
0
d0
0
b8
0
f2
0
3b
1
b9
0
6
0
cb
1
b5
0
6f
1
87
0
40
0
7e
0
e7
0
87
1
de
0
3b
1
1f
0
8
0
5b
1
94
1
e1
0
35
0
c1
0
c7
1
c0
0
fb
1
2b
0
4c
0
f6
0
14
1
25
1
82
1
43
0
57
1
cf
0
b3
0
86
1
5c
1
d2
0
77
0
72
1
93
1
ec
0
b0
0
b3
1
b6
0
14
1
1e
1
c3
0
f5
1
60
1
42
0
91
0
2e
0
c2
0
f6
1
18
0
d2
0
69
0
e6
0
46
0
f5
1
d5
0
b1
1
88
1
2b
1
50
1
d0
0
c
0
45
0
a4
1
2
0
c5
0
c1
0
56
1
4b
0
44
1
f7
1
54
0
b2
1
50
0
c5
1
4a
0
81
1
94
0
24
1
3
0
f5
1
fb
0
f7
0
5f
1
ef
0
82
0
bd
1
8f
1
b3
0
4c
0
7f
1
e
0
ed
1
c8
1
da
0
38
0
93
0
87
0
86
1
cc
1
89
0
5b
1
25
0
b5
1
ca
0
51
1
98
1
4b
1
1
1
96
1
de
1
ab
0
3
1
fc
0
18
0
fe
1
17
1
e8
0
44
1
15
0
9f
1
59
0
c5
0
bc
1
b7
1
a2
1
22
1
6
0
80
0
ae
0
cb
0
3a
1
5
0
1f
1
c1
0
59
0
9b
1
98
0
56
1
27
1
a7
1
a2
0
17
1
ee
0
ab
0
2f
0
48
0
58
0
8d
0
98
1
ad
0
ae
0
a3
1
a9
1
9b
0
6
0
9a
1
c
0
50
1
48
0
97
1
71
0
e2
1
2d
1
42
1
bd
1
b6
1
37
1
b2
1
52
0
b2
0
8f
1
0
1
fe
0
96
1
4c
0
be
0
c
0
88
0
f
0
ff
0
b9
0
38
0
f
0
d1
1
37
0
ba
1
d0
0
62
0
c
0
14
1
25
1
16
0
73
1
6b
1
68
1
4f
1
21
0
12
1
71
0
92
1
67
1
6f
1
8
0
5
1
c9
0
6c
1
ec
0
1f
1
21
0
e3
0
f6
1
ab
1
ba
1
47
0
a1
0
d4
1
27
1
3f
0
14
1
43
1
5d
0
cb
0
32
0
aa
1
75
1
de
1
bf
1
82
0
47
0
a5
1
a4
1
f0
1
bc
0
fa
1
73
0
ad
0
ec
1
1a
0
62
0
73
1
51
1
43
0
da
1
8a
1
90
0
9
1
a8
0
ff
1
28
1
34
1
36
0
6c
0
59
0
41
0
4b
0
94
1
5
0
ad
0
9d
1
1
1
67
0
61
0
4
1
74
1
59
1
c8
0
8a
0
b2
1
bb
0
a0
0
a8
1
a2
0
b
1
8d
1
88
1
d6
0
9a
0
ff
0
98
0
cb
0
1d
1
81
1
c8
1
8b
1
27
1
89
0
5f
1
7c
0
7c
0
14
0
99
1
f3
1
22
1
d1
1
67
0
ad
0
31
1
2b
1
62
1
7d
0
e2
0
58
0
32
0
ad
1
de
1
b2
0
ab
0
aa
0
99
0
89
0
19
0
84
1
64
0
43
0
66
1
4f
1
c7
1
8b
0
7c
0
a8
0
f9
0
d2
0
0
1
72
1
f8
1
99
1
31
0
5b
1
cd
1
5c
0
5f
0
7c
1
53
1
20
0
3f
0
2a
0
22
1
dd
1
78
1
bc
0
4b
0
82
0
73
0
12
1
7d
0
74
0
1b
0
3
1
f8
1
3e
0
eb
1
70
1
64
0
30
1
9c
1
4d
0
43
0
64
0
ae
1
f7
1
e5
0
7
0
5b
1
6f
1
2d
0
8b
1
15
1
26
0
48
0
55
1
43
0
cc
0
73
1
3d
0
a6
0
4c
1
9f
0
8c
1
5e
1
4e
1
a8
1
a4
0
d4
0
36
0
20
0
0
0
2f
0
ea
1
fc
1
c3
1
5b
0
2f
1
62
0
f5
1
b7
1
4c
0
1c
0
1d
1
ba
0
c
0
df
0
3e
1
d9
1
b0
1
50
0
78
1
82
1
a6
1
63
0
a5
1
de
0
79
0
e1
1
ea
0
ea
1
76
0
3
0
d8
0
dd
0
b1
0
fc
0
da
0
d1
0
63
1
1c
0
4e
0
fa
0
f5
1
5e
0
77
1
d6
1
12
0
a2
1
b5
0
72
0
ad
1
90
0
ed
0
8
0
96
1
59
0
1e
1
ad
1
30
1
f3
1
54
0
95
1
a2
1
50
0
b6
0
bd
0
31
0
eb
1
b0
0
6e
0
17
0
2b
0
1c
0
49
0
e4
0
f3
0
5
1
9e
0
bf
0
fe
0
b0
1
da
1
a
0
ff
0
b9
0
0
0
36
0
6
0
4
0
9e
1
8c
0
20
0
1a
1
39
0
ac
1
4f
1
f4
0
3e
0
ef
0
b8
0
ac
0
78
1
e4
1
34
0
cf
1
d1
0
63
1
ed
1
b0
1
57
0
5f
1
ba
0
d0
1
51
1
36
0
67
1
c1
0
c4
0
5e
1
8f
0
ca
0
89
0
52
1
ab
0
9d
0
60
0
a9
1
4f
0
12
1
38
1
a9
1
2b
0
7e
1
11
0
e8
1
a
1
0
1
e1
0
a
1
56
0
8f
0
a4
1
d0
0
b1
1
94
1
2b
1
88
0
a8
1
47
1
e3
0
59
0
e2
1
81
1
ad
1
50
1
33
1
b9
1
17
0
ca
0
6b
1
b1
1
9c
0
ee
1
3f
1
fe
1
64
1
11
0
b1
0
a
0
1e
1
61
0
39
0
28
0
a3
1
18
1
51
1
a6
0
2
0
31
1
c9
1
65
0
87
0
74
1
8
0
97
0
d9
1
77
1
13
0
63
0
92
1
c5
1
45
0
d0
1
ff
0
8a
1
31
0
f6
0
65
1
f0
1
e9
1
94
1
80
1
d6
1
ab
1
49
1
b5
1
20
0
7a
0
43
1
f1
0
42
0
bc
1
da
1
a3
0
8e
0
52
0
4f
1
2e
1
65
1
5f
0
16
0
be
0
f
0
26
1
b2
1
1f
1
3a
0
2d
0
fc
1
df
0
5d
0
ad
1
4
0
d2
1
b4
0
19
1
45
1
0
0
f
0
a7
1
3e
0
b7
0
a2
1
8c
0
b5
0
2a
1
9e
0
be
0
b3
1
c
1
c1
1
32
0
fc
0
5c
1
59
1
ce
1
ca
1
f
1
69
0
c
0
7
1
30
1
d
0
48
0
7f
1
28
0
7a
0
48
0
8c
1
82
0
a7
0
7c
1
d5
1
df
1
27
0
5d
0
21
0
d4
0
7d
0
ef
1
70
0
3d
1
71
1
61
1
29
1
e3
1
34
1
43
0
eb
0
48
0
d
0
40
0
34
1
5c
1
30
1
ad
1
62
1
8b
0
70
0
d1
0
d0
0
6b
0
13
0
d
0
d0
1
10
1
fc
0
b
1
65
0
e1
0
b3
1
37
0
79
0
e9
0
af
1
84
1
6e
1
83
0
9d
1
80
0
e6
0
4a
1
e1
1
12
1
bc
1
dd
0
82
1
85
0
d6
1
e5
1
28
0
4
1
58
1
17
1
18
0
62
0
28
1
e1
1
1
0
50
1
e7
1
2d
0
41
0
64
0
20
0
9d
0
b3
0
de
0
29
1
1
0
8d
1
40
1
10
0
bf
1
14
1
d0
1
3d
0
64
1
b0
0
96
0
13
0
19
1
d6
1
d2
0
ed
1
41
1
38
0
30
1
a2
0
5a
0
ff
0
b2
0
28
0
ba
1
df
0
a8
1
85
1
b9
1
b9
0
5a
1
5f
1
21
0
1c
0
e0
0
41
0
75
1
65
1
7c
1
3d
1
65
1
88
1
f
0
cf
0
68
0
54
1
2e
0
5e
0
4b
1
a2
1
39
0
65
0
24
0
d5
0
57
0
d7
1
2f
1
ca
1
6c
0
7
1
21
1
97
1
f
0
9f
1
6f
0
85
0
25
1
56
1
b5
0
e9
1
3e
1
c9
1
20
1
ac
0
2c
1
61
0
f
0
9c
0
ed
1
78
1
7d
0
5
0
e8
1
eb
1
87
1
a9
0
96
0
33
1
5
1
43
1
93
1
7e
1
9d
1
c1
0
57
0
e8
1
37
1
77
0
49
1
bc
0
37
1
96
1
d8
0
84
1
a9
0
f
0
6c
0
df
1
a9
0
95
1
db
0
d4
1
6a
0
32
0
ae
1
85
1
54
1
b3
1
e5
0
b
0
fe
1
ca
0
a8
1
75
0
4b
0
51
0
87
1
38
0
71
1
a5
0
59
1
5
0
46
1
da
1
ef
1
b9
1
0
0
58
1
2d
0
fa
1
d7
0
9e
1
71
1
50
1
41
0
2
1
20
0
48
0
bf
0
91
0
8
0
9c
0
cd
1
b0
0
c2
1
73
0
f6
1
f8
0
e9
0
4a
1
3d
1
c5
1
54
0
c3
0
2f
1
c2
0
9e
0
3f
0
53
1
67
0
9a
0
ae
0
ec
1
f8
0
ee
0
0
1
8f
0
89
1
d2
1
f8
0
a1
0
39
0
19
0
ac
1
68
1
81
1
ed
0
93
1
d6
0
af
1
ce
