0  0
0  0
0  0
0  0
0  0
1  182
0  182
1  182
1  309
1  379
0  379
1  380
1  389
0  389
1  409
0  409
1  431
1  442
1  469
0  469
0  469
1  512
1  529
1  558
1  564
1  595
1  596
1  600
0  600
0  600
0  600
1  634
0  634
1  678
0  678
1  680
1  721
0  721
1  755
1  793
1  793
0  793
0  793
1  806
0  806
0  806
0  806
0  806
1  807
1  807
0  807
1  817
0  817
0  817
0  817
0  817
0  817
0  817
1  818
1  826
0  826
1  826
0  826
0  826
0  826
0  826
1  827
1  854
0  854
0  854
0  854
1  872
0  872
1  873
0  873
0  873
0  873
1  891
0  891
1  893
0  893
0  893
0  893
0  893
1  893
0  893
1  911
0  911
1  912
1  915
0  915
0  915
1  916
0  916
0  916
1  947
0  947
1  948
1  951
0  951
1  976
0  976
1  980
0  980
1  985
0  985
0  985
1  1006
0  1006
1  1012
0  1012
0  1012
0  1012
0  1012
0  1012
0  1012
0  1012
0  1012
0  1012
0  1012
1  1030
1  1037
0  1037
0  1037
1  1043
1  1048
0  1048
1  1050
1  1079
0  1079
1  1079
0  1079
0  1079
1  1087
1  1087
0  1087
1  1112
0  1112
0  1112
0  1112
0  1112
1  1138
0  1138
1  1138
0  1138
1  1150
0  1150
1  1150
0  1150
1  1167
1  1173
1  1200
1  1204
1  1204
0  1204
0  1204
0  1204
1  1216
0  1216
1  1234
0  1234
1  1238
0  1238
0  1238
0  1238
1  1245
1  1247
1  1262
1  1268
1  1270
1  1270
0  1270
1  1271
1  1296
1  1303
1  1312
1  1314
1  1335
1  1339
0  1339
0  1339
1  1350
1  1362
1  1382
1  1384
1  1389
0  1389
1  1412
0  1412
0  1412
1  1426
0  1426
1  1429
0  1429
0  1429
0  1429
1  1431
0  1431
1  1431
0  1431
0  1431
1  1441
1  1443
1  1443
1  1452
1  1469
0  1469
1  1475
0  1475
0  1475
0  1475
1  1489
1  1505
1  1509
0  1509
1  1512
1  1513
0  1513
0  1513
1  1515
0  1515
0  1515
0  1515
0  1515
0  1515
1  1525
0  1525
0  1525
1  1525
1  1525
1  1534
0  1534
0  1534
0  1534
0  1534
1  1537
1  1554
1  1560
0  1560
0  1560
1  1562
0  1562
0  1562
0  1562
0  1562
0  1562
1  1582
0  1582
1  1582
1  1588
1  1588
1  1592
0  1592
1  1595
0  1595
1  1595
0  1595
1  1595
0  1595
0  1595
1  1596
0  1596
1  1601
1  1610
0  1610
0  1610
1  1610
1  1612
0  1612
1  1620
0  1620
1  1640
0  1640
1  1641
0  1641
1  1652
0  1652
0  1652
0  1652
1  1655
0  1655
1  1656
1  1657
0  1657
1  1657
1  1664
0  1664
0  1664
1  1674
1  1675
0  1675
1  1682
0  1682
1  1683
0  1683
1  1685
1  1694
1  1697
1  1697
0  1697
1  1697
1  1698
0  1698
0  1698
0  1698
1  1702
0  1702
1  1710
1  1728
1  1735
0  1735
0  1735
0  1735
1  1735
1  1737
1  1748
1  1760
0  1760
0  1760
1  1778
0  1778
0  1778
1  1782
1  1791
0  1791
1  1794
0  1794
1  1801
1  1814
0  1814
0  1814
1  1822
1  1835
1  1843
0  1843
0  1843
1  1843
1  1854
0  1854
0  1854
1  1864
1  1864
0  1864
1  1871
1  1875
1  1890
1  1902
1  1915
0  1915
0  1915
1  1915
0  1915
1  1918
1  1931
1  1933
1  1933
0  1933
0  1933
1  1949
1  1960
1  1966
0  1966
0  1966
1  1966
0  1966
0  1966
1  1977
0  1977
1  1981
1  1986
1  1988
0  1988
1  1996
0  1996
0  1996
1  1996
1  1998
0  1998
1  2000
0  2000
0  2000
1  2008
0  2008
0  2008
1  2015
1  2015
0  2015
1  2021
0  2021
0  2021
1  2036
0  2036
1  2039
1  2054
1  2055
0  2055
0  2055
1  2056
1  2056
1  2056
0  2056
0  2056
0  2056
1  2058
0  2058
1  2060
1  2067
0  2067
0  2067
0  2067
1  2069
1  2075
1  2076
0  2076
1  2077
1  2078
0  2078
1  2089
1  2093
0  2093
1  2093
1  2093
0  2093
0  2093
1  2094
0  2094
0  2094
1  2097
0  2097
1  2100
1  2108
0  2108
0  2108
1  2111
1  2111
1  2116
1  2117
1  2131
1  2145
0  2145
0  2145
0  2145
0  2145
1  2156
1  2157
1  2158
1  2173
1  2177
0  2177
1  2190
0  2190
1  2193
0  2193
1  2196
0  2196
0  2196
1  2198
1  2205
0  2205
1  2207
1  2219
0  2219
1  2232
0  2232
0  2232
0  2232
1  2232
0  2232
0  2232
1  2237
0  2237
0  2237
1  2237
1  2242
0  2242
0  2242
0  2242
0  2242
0  2242
0  2242
0  2242
1  2247
0  2247
1  2247
0  2247
0  2247
1  2251
0  2251
0  2251
1  2254
0  2254
1  2268
1  2268
0  2268
1  2274
1  2277
1  2289
1  2289
0  2289
1  2289
1  2299
1  2307
1  2309
0  2309
0  2309
1  2310
0  2310
1  2311
1  2319
1  2319
1  2319
1  2326
1  2333
1  2343
0  2343
1  2343
1  2343
0  2343
1  2356
0  2356
1  2368
0  2368
1  2375
1  2384
0  2384
0  2384
1  2390
0  2390
0  2390
1  2391
0  2391
0  2391
1  2391
1  2396
1  2405
0  2405
1  2406
0  2406
0  2406
0  2406
1  2416
1  2425
0  2425
0  2425
1  2428
1  2431
0  2431
0  2431
1  2432
1  2443
0  2443
1  2447
1  2447
0  2447
0  2447
0  2447
1  2450
0  2450
1  2454
0  2454
0  2454
0  2454
0  2454
1  2463
1  2463
0  2463
0  2463
0  2463
0  2463
1  2475
1  2485
1  2491
1  2499
0  2499
0  2499
0  2499
1  2499
0  2499
1  2502
1  2511
1  2514
1  2521
0  2521
1  2522
1  2525
0  2525
0  2525
0  2525
1  2527
1  2532
1  2536
1  2538
0  2538
0  2538
0  2538
1  2544
0  2544
1  2555
1  2555
0  2555
1  2555
1  2555
1  2556
0  2556
0  2556
1  2556
1  2558
1  2563
1  2575
1  2577
0  2577
1  2584
0  2584
0  2584
1  2591
0  2591
0  2591
0  2591
1  2591
0  2591
0  2591
0  2591
0  2591
1  2595
1  2595
1  2596
1  2607
0  2607
1  2614
1  2626
1  2638
1  2639
0  2639
1  2640
1  2641
0  2641
0  2641
1  2646
0  2646
0  2646
0  2646
0  2646
0  2646
1  2648
1  2657
0  2657
1  2663
1  2664
1  2668
1  2677
1  2679
0  2679
0  2679
1  2682
1  2691
1  2691
0  2691
1  2691
0  2691
0  2691
0  2691
1  2703
1  2705
0  2705
1  2705
1  2713
1  2715
1  2716
0  2716
1  2722
1  2733
1  2735
1  2735
1  2743
0  2743
0  2743
1  2754
1  2756
0  2756
0  2756
1  2766
0  2766
1  2766
1  2769
0  2769
1  2769
0  2769
0  2769
0  2769
1  2771
1  2776
0  2776
1  2778
0  2778
0  2778
0  2778
1  2781
1  2788
0  2788
0  2788
0  2788
0  2788
1  2794
0  2794
0  2794
1  2799
0  2799
1  2799
0  2799
0  2799
1  2801
0  2801
1  2801
1  2804
0  2804
0  2804
0  2804
1  2811
0  2811
0  2811
0  2811
1  2817
0  2817
0  2817
1  2826
0  2826
1  2829
0  2829
0  2829
0  2829
0  2829
0  2829
0  2829
1  2829
0  2829
0  2829
0  2829
1  2830
1  2831
0  2831
1  2832
0  2832
1  2840
0  2840
0  2840
1  2850
1  2850
1  2851
1  2862
0  2862
0  2862
0  2862
1  2862
1  2862
0  2862
0  2862
0  2862
1  2868
1  2879
1  2879
1  2879
1  2881
1  2886
0  2886
1  2895
0  2895
1  2901
1  2908
0  2908
1  2910
0  2910
1  2919
0  2919
0  2919
1  2925
0  2925
1  2932
1  2932
0  2932
0  2932
1  2937
0  2937
0  2937
1  2938
0  2938
1  2940
1  2949
0  2949
0  2949
0  2949
1  2959
0  2959
0  2959
0  2959
0  2959
1  2959
1  2959
0  2959
0  2959
0  2959
1  2959
0  2959
0  2959
0  2959
0  2959
0  2959
1  2961
1  2970
1  2977
1  2980
1  2985
0  2985
1  2994
0  2994
1  3002
0  3002
0  3002
1  3008
1  3010
0  3010
1  3019
0  3019
0  3019
1  3020
0  3020
0  3020
0  3020
1  3021
1  3030
1  3037
0  3037
1  3042
1  3048
0  3048
1  3050
0  3050
1  3059
1  3062
0  3062
1  3064
1  3073
1  3078
0  3078
1  3078
1  3079
1  3081
1  3082
1  3085
1  3087
0  3087
0  3087
1  3087
1  3092
0  3092
0  3092
1  3093
1  3094
1  3094
0  3094
1  3100
1  3101
1  3101
1  3102
0  3102
0  3102
0  3102
0  3102
1  3102
1  3103
0  3103
1  3107
0  3107
1  3110
1  3110
1  3117
0  3117
1  3117
1  3119
0  3119
0  3119
1  3122
0  3122
1  3123
0  3123
0  3123
1  3127
1  3133
1  3135
1  3138
1  3140
0  3140
1  3142
1  3142
0  3142
0  3142
1  3143
1  3144
1  3147
0  3147
0  3147
1  3149
0  3149
1  3157
0  3157
0  3157
1  3164
1  3168
0  3168
0  3168
1  3173
0  3173
0  3173
1  3173
0  3173
1  3173
1  3174
0  3174
1  3182
1  3183
0  3183
1  3184
0  3184
1  3186
0  3186
0  3186
0  3186
1  3187
0  3187
1  3194
1  3198
0  3198
1  3202
0  3202
0  3202
1  3211
0  3211
1  3216
0  3216
0  3216
1  3224
1  3225
1  3225
1  3228
0  3228
0  3228
1  3230
0  3230
1  3237
0  3237
1  3237
1  3239
0  3239
0  3239
0  3239
1  3246
1  3253
1  3259
1  3260
1  3261
1  3265
1  3265
0  3265
1  3265
1  3269
0  3269
0  3269
0  3269
1  3277
1  3277
0  3277
1  3278
0  3278
1  3279
0  3279
1  3280
1  3281
1  3281
0  3281
1  3283
0  3283
0  3283
1  3287
1  3289
0  3289
0  3289
1  3292
0  3292
1  3292
1  3298
1  3307
1  3313
1  3314
1  3314
1  3316
0  3316
0  3316
0  3316
1  3320
1  3325
1  3334
0  3334
0  3334
0  3334
