0   0

0   0

0   0

0   0

0   0

1 182

0 182

1 182

1 309

1 379

0 379

1 380

1 389

0 389

1 409

0 409

1 431

1 442

1 469

0 469

0 469

1 512

1 529

1 558

1 564

1 595

1 596

1 600

0 600

0 600

0 600

1 634

0 634

1 678

0 678

1 680

1 721

0 721

1 755

1 793

1 793

0 793

0 793

1 806

0 806

0 806

0 806

0 806

1 807

1 807

0 807

1 817

0 817

0 817

0 817

0 817

0 817

0 817

1 818

1 826

0 826

1 826

0 826

0 826

0 826

0 826

1 827

1 854

0 854

0 854

0 854

1 872

0 872

1 873

0 873

0 873

0 873

1 891

0 891

1 893

0 893

0 893

0 893

0 893

1 893

0 893

1 911

0 911

1 912

1 915

0 915

0 915

1 916

0 916

0 916

1 947

0 947

1 948

1 951

0 951

1 976

0 976

1 980

0 980

1 985

0 985

0 985

11006

01006

11012

01012

01012

01012

01012

01012

01012

01012

01012

01012

01012

1 117

1 167

0 167

0 167

1 203

1 226

0 226

1 233

1 341

0 341

1 341

0 341

0 341

1 366

1 366

0 366

1 434

0 434

0 434

0 434

0 434

1 498

0 498

1 498

0 498

1 523

0 523

1 523

0 523

1 561

1 572

1 626

1 633

1 633

0 633

0 633

0 633

1 656

0 656

1 689

0 689

1 696

0 696

0 696

0 696

1 708

1 711

1 737

1 748

1 752

1 752

0 752

1 753

1 794

1 807

1 821

1 824

1 857

1 862

0 862

0 862

1 880

1 898

1 929

1 931

1 939

0 939

1 972

0 972

0 972

1 993

0 993

1 997

0 997

0 997

0 997

11000

01000

11000

01000

01000

11015

11017

11018

1 117

1 250

0 250

1 280

0 280

0 280

0 280

1 349

1 413

1 425

0 425

1 435

1 439

0 439

0 439

1 447

0 447

0 447

0 447

0 447

0 447

1 480

0 480

0 480

1 481

1 481

1 506

0 506

0 506

0 506

0 506

1 517

1 565

1 581

0 581

0 581

1 587

0 587

0 587

0 587

0 587

0 587

1 639

0 639

1 639

1 652

1 652

1 661

0 661

1 668

0 668

1 668

0 668

1 669

0 669

0 669

1 673

0 673

1 683

1 704

0 704

0 704

1 705

1 708

0 708

1 727

0 727

1 770

0 770

1 773

0 773

1 796

0 796

0 796

0 796

1 802

0 802

1 805

1 806

0 806

1 806

1 820

0 820

0 820

1 840

1 842

0 842

1 856

0 856

1 858

0 858

1 861

1 879

1 886

1 886

0 886

1 886

1 887

0 887

0 887

0 887

1 894

0 894

1 910

1 943

1 956

0 956

0 956

0 956

1 956

1 960

1 979

11000

01000

01000

1 130

0 130

0 130

1 180

1 252

0 252

1 269

0 269

1 313

1 384

0 384

0 384

1 417

1 473

1 501

0 501

0 501

1 502

1 540

0 540

0 540

1 574

1 576

0 576

1 598

1 610

1 654

1 686

1 722

0 722

0 722

1 724

0 724

1 732

1 764

1 770

1 770

0 770

0 770

1 808

1 835

1 848

0 848

0 848

1 848

0 848

0 848

1 873

0 873

1 884

1 894

1 898

0 898

1 916

0 916

0 916

1 916

1 920

0 920

1 924

0 924

0 924

1 942

0 942

0 942

1 957

1 957

0 957

1 969

0 969

0 969

11000

01000

11007

1 162

1 169

0 169

0 169

1 181

1 188

1 189

0 189

0 189

0 189

1 207

0 207

1 226

1 281

0 281

0 281

0 281

1 299

1 339

1 340

0 340

1 349

1 353

0 353

1 412

1 433

0 433

1 434

1 435

0 435

0 435

1 440

0 440

0 440

1 451

0 451

1 467

1 502

0 502

0 502

1 513

1 513

1 534

1 537

1 591

1 637

0 637

0 637

0 637

0 637

1 674

1 678

1 681

1 727

1 739

0 739

1 778

0 778

1 786

0 786

1 792

0 792

0 792

1 799

1 818

0 818

1 824

1 855

0 855

1 889

0 889

0 889

0 889

1 889

0 889

0 889

1 900

0 900

0 900

1 901

1 912

0 912

0 912

0 912

0 912

0 912

0 912

0 912

1 924

0 924

1 925

0 925

0 925

1 936

0 936

0 936

1 942

0 942

1 975

1 975

0 975

1 989

1 996

11022

11022

01022

11023

1 212

1 288

1 300

0 300

0 300

1 306

0 306

1 315

1 367

1 370

1 370

1 413

1 449

1 497

0 497

1 498

1 498

0 498

1 558

0 558

1 605

0 605

1 631

1 665

0 665

0 665

1 686

0 686

0 686

1 688

0 688

0 688

1 691

1 708

1 736

0 736

1 740

0 740

0 740

0 740

1 772

1 801

0 801

0 801

1 808

1 819

0 819

0 819

1 820

1 852

0 852

1 865

1 865

0 865

0 865

0 865

1 873

0 873

1 884

0 884

0 884

0 884

0 884

1 908

1 908

0 908

0 908

0 908

0 908

1 939

1 966

1 982

11001

01001

01001

01001

11003

01003

11009

1 120

1 173

1 262

0 262

1 264

1 293

0 293

0 293

0 293

1 313

1 348

1 380

1 393

0 393

0 393

0 393

1 425

0 425

1 486

1 488

0 488

1 489

1 489

1 492

0 492

0 492

1 495

1 506

1 529

1 584

1 592

0 592

1 622

0 622

0 622

1 650

0 650

0 650

0 650

1 650

0 650

0 650

0 650

0 650

1 665

1 666

1 670

1 714

0 714

1 738

1 778

1 817

1 821

0 821

1 826

1 829

0 829

0 829

1 844

0 844

0 844

0 844

0 844

0 844

1 851

1 879

0 879

1 894

1 899

1 910

1 936

1 943

0 943

0 943

1 949

1 975

1 977

0 977

1 977

0 977

0 977

0 977

11008

11014

01014

11014

1 153

1 187

1 203

0 203

1 267

1 365

1 380

1 380

1 433

0 433

0 433

1 496

1 510

0 510

0 510

1 558

0 558

1 558

1 574

0 574

1 574

0 574

0 574

0 574

1 585

1 609

0 609

1 617

0 617

0 617

0 617

1 631

1 659

0 659

0 659

0 659

0 659

1 686

0 686

0 686

1 704

0 704

1 705

0 705

0 705

1 712

0 712

1 713

1 724

0 724

0 724

0 724

1 750

0 750

0 750

0 750

1 773

0 773

0 773

1 804

0 804

1 817

0 817

0 817

0 817

0 817

0 817

0 817

1 817

0 817

0 817

0 817

1 818

1 823

0 823

1 825

0 825

1 853

0 853

0 853

1 887

1 887

1 889

1 922

0 922

0 922

0 922

1 923

1 923

0 923

0 923

0 923

1 941

1 975

1 976

1 976

1 980

1 996

0 996

11021

01021

1 181

1 270

0 270

1 291

0 291

1 370

0 370

0 370

1 413

0 413

1 461

1 461

0 461

0 461

1 487

0 487

0 487

1 493

0 493

1 508

1 555

0 555

0 555

0 555

1 607

0 607

0 607

0 607

0 607

1 607

1 608

0 608

0 608

0 608

1 608

0 608

0 608

0 608

0 608

0 608

1 617

1 659

1 688

1 704

1 722

0 722

1 761

0 761

1 790

0 790

0 790

1 815

1 822

0 822

1 852

0 852

0 852

1 858

0 858

0 858

0 858

1 860

1 892

1 916

0 916

1 930

1 952

0 952

1 957

0 957

1 985

1 995

0 995

11000

1 104

1 196

0 196

1 200

1 218

1 245

1 250

1 284

1 308

0 308

0 308

1 309

1 359

0 359

0 359

1 362

1 372

1 373

0 373

1 421

1 425

1 425

1 431

0 431

0 431

0 431

0 431

1 431

1 439

0 439

1 470

0 470

1 485

1 486

1 530

0 530

1 530

1 543

0 543

0 543

1 560

0 560

1 567

0 567

0 567

1 585

1 619

1 625

1 642

1 652

0 652

1 661

1 661

0 661

0 661

1 664

1 669

1 686

0 686

0 686

1 695

0 695

1 730

0 730

0 730

1 760

1 778

0 778

0 778

1 795

0 795

0 795

1 795

0 795

1 796

1 800

0 800

1 830

1 833

0 833

1 837

0 837

1 847

0 847

0 847

0 847

1 848

0 848

1 876

1 889

0 889

1 905

0 905

0 905

1 935

0 935

1 953

0 953

0 953

1 981

1 981

1 983

1 992

0 992

0 992

1 997

0 997

11020

01020

11022

1  80

0  80

0  80

0  80

1 238

1 316

1 375

1 384

1 385

1 422

1 422

0 422

1 424

1 454

0 454

0 454

0 454

1 503

1 503

0 503

1 513

0 513

1 519

0 519

1 522

1 528

1 531

0 531

1 545

0 545

0 545

1 568

1 581

0 581

0 581

1 594

0 594

1 596

1 628

1 671

1 703

1 705

1 708

1 715

0 715

0 715

0 715

1 736

1 756

1 794

